1. crear un directorio(nombre del alumno)
2. cambiar al directio creado
3.verificar que estemos en el directorio
4.crear un archivo(el apellido)
5.escribir dentro del archivo-----
6.borrar el archivo---------------
7.salir del directorio
8.verificar que salimos del directorio
9.borrar al directorio

50,0
y
80,90,100,109,119,127,135,142,148,152,156,159,160,160,159,156,152,148,142,135,127,119,109,100,90,80,70,60,51,41,33,25,18,12,8,4,1,0,0,1,4,8,12,18,25,33,41,51,60,70,80,90,100,109,119,127,135,142,148,152,156,159,160,160,159,156,152,148,142,135,127,119,109,100,90,80,70,60,51,41,33,25,18,12,8,4,1,0,0,1,4,8,12,18,25,33,41,51,60,70,80


x
160,159,157,154,150,145,138,131,123,114,105,95,85,75,65,55,46,37,29,22,15,10,6,3,1,0,1,3,6,10,15,22,29,37,46,55,65,75,85,95,105,114,123,131,138,145,150,154,157,159,160,159,157,154,150,145,138,131,123,114,105,95,85,75,65,55,46,37,29,22,15,10,6,3,1,0,1,3,6,10,15,22,29,37,46,55,65,75,85,95,105,114,123,131,138,145,150,154,157,159,160
